5 1
10 1
24 1
25 1
28 1
29 1
30 1
33 1
35 1
40 1
44 1
46 1
57 1
71 1
72 1
75 1
76 1
80 1
82 1
83 1
86 1
87 1
91 1
93 1
4 2
8 2
9 2
15 2
18 2
20 2
27 2
32 2
38 2
42 2
43 2
51 2
54 2
55 2
56 2
61 2
65 2
67 2
74 2
77 2
78 2
79 2
84 2
85 2
88 2
89 2
90 2
12 3
14 3
17 3
19 3
47 3
48 3
50 3
53 3
59 3
60 3
62 3
64 3
66 3
68 3
69 3
94 3
2 4
11 4
13 4
16 4
22 4
34 4
36 4
45 4
49 4
52 4
58 4
63 4
81 4
92 4
1 5
3 5
6 5
23 5
70 5
73 5
7 6
21 6
39 6
41 6
95 6
26 7
31 7
37 7